0.0001360420460563515
0.00016842029370838554
0.0002082086936659634
0.0002570315484775619
0.00031685247620478893
0.0003900415199061424
0.0004794547089205226
0.0005885282098735838
0.0007213895373883364
0.0008829886712131865
0.0010792523525580387
0.0013172653127549465
0.001605482727014876
0.0019539787902337906
0.0023747369857447438
0.002881988366775364
0.003492604999125556
0.004226556626834163
0.005107439624435816
0.006163088393140043
0.00742628054620929
0.008935548511992247
0.010736111560886684
0.01288094373239306
0.015431994695402023
0.018461582211198767
0.022053976573295518
0.026307199156335156
0.031335058998857135
0.03726945314782303
0.04426295827732957
0.0524917428248803
0.06215883052485845
0.07349774771250421
0.08677658806804062
0.10230252950759022
0.1204268386359948
0.14155039848019846
0.1661297950371397
0.194683997407669
0.22780166485218212
0.26614911189517043
0.3104789595212178
0.36163949643992976
0.4205847692479756
0.4883854139818917
0.5662402339410281
0.6554885196793497
0.757623096645529
0.8743040740350623
1.0073732549700363
1.1588691531300306
1.33104254443877
1.5263724644164784
1.7475825424258848
1.9976575434016777
2.279859965931747
2.597746522981277
2.9551843083877865
3.356366428834468
3.8058268577071894
4.308454244485195
4.86950439158522
5.4946110903885765
6.189794990097834
6.961470157675592
7.816447975028962
8.76193801143928
9.805545505619419
10.955265093310947
12.219470423585182
13.606899320511722
15.126634167050241
16.788077215302486
18.60092056188209
20.575110569289258
22.72080656383318
25.04833369769652
27.568129926910203
30.290687127817822
33.226486451472226
36.38592809746692
39.77925577501592
43.416476208489286
47.307274135793186
51.460923339501
55.886194340936626
60.59125947484942
65.58359614512467
70.86988913849993
76.45593294167637
82.34653506590115
88.54542143043969
95.05514489088641
101.87699801872009
109.01093124373833
116.45547746029179
124.20768417089037
132.26305419660997
140.61549592281057
149.25728397138096
158.1790310978026
167.36967200384584
176.81645963600397
186.50497440764897
196.41914664114347
206.54129237711925
216.8521625440949
227.33100532512577
237.95564140185812
248.70255160276628
259.5469763341856
270.46302603240974
281.42380174498766
292.4015248316392
303.36767467169295
314.29313317733056
325.1483348414389
335.9034209963823
346.52839692615896
356.993290459278
367.2683106730433
377.32400536130274
387.131415956051
396.66222864739996
405.88892051489796
414.7848995641193
423.3246376541457
431.4837954018667
439.23933825588995
446.56964304424355
453.4545944138478
459.8756706940221
465.8160188292806
471.2605181366653
476.1958327485186
480.6104527016571
484.4947237274422
487.84086588358286
490.6429812471712
492.89705095924603
494.60092197413496
495.75428392210074
496.35863654185425
496.417248180713
495.93510589525204
494.91885771480753
493.37674765485554
491.31854408773086
488.75546209499043
485.7000804394686
482.16625380616716
478.16902096983597
473.7245095536683
468.84983804793836
463.56301575962436
457.882841363862
451.8288007251606
445.4209646503442
438.6798872256611
431.62650537703485
424.2820402745381
416.66790117941434
408.8055923040339
400.7166232217936
392.4224233249756
383.944260784065
375.30316641203535
366.51986278208295
357.61469888770364
348.60759057046226
339.51796687425286
330.36472241618355
321.1661757945302
311.94003398477037
302.70336260665033
293.47256187992537
284.26334802510337
275.090739809346
265.96904988788265
256.91188054879177
247.9321234346591
239.04196278916464
230.2528817604332
221.5756712863348
213.02044108980974
204.59663232446502
196.3130314317323
188.17778480006476
180.19841385312097
172.38183023659926
164.7343508210983
157.2617122898018
149.9690851335654
142.86108693062104
135.94179484226314
129.21475730815996
122.68300497402052
116.34906092915168
110.21495037085106
104.28220984583903
98.55189624535268
93.02459574964595
87.7004329292643
82.5790802145708
77.65976794173328
72.94129517322027
68.42204147423179
64.09997980423366
59.972690655657566
56.03737754080344
52.29088389408608
48.72971142101445
45.35003988872774
42.14774831659547
39.11843749024043
36.25745368929556
33.55991348904669
31.02072946949763
28.634636642909104
26.3962193928972
24.299938705004763
22.3401594604348
20.51117756132759
18.80724665746103
17.222604250318682
15.7514969607315
14.388204760355551
13.127063984577724
11.96248896450846
10.888992137944001
9.901202522956938
8.99388246252493
8.161942573753853
7.400454860249564
6.704663970550377
6.069996608801807
5.492069125648341
4.966693337318904
4.489880638830044
4.057844492944765
3.667001389879914
3.313970383690602
2.995571319780729
2.7088218741412957
2.4509335288026923
2.2193066097400673
2.0115245132587023
1.8253472449018173
1.65870439137566
1.5096876410919993
1.3765429629117973
1.2576625457527544
1.1515765941124434
1.0569450664591646
0.9725494350413817
0.8972845371345072
0.8301505792328425
0.7702453473356119
0.7167566683824621
0.6689551601567687
0.6261872996681899
0.5878688332042654
0.5534785449427377
0.5225523952659759
0.4946780347268403
0.46948969498096965
0.4466634539141005
0.42591286863713207
0.4069849669726787
0.3896565854873564
0.37373104000290436
0.35903511281419376
0.3454163395196704
0.33274057739641144
0.32088983659507775
0.30976035505792987
0.29926089794544136
0.28931126246541844
0.27984096930583224
0.27078812235366523
0.26209841901337605
0.25372429419789594
0.24562418193186036
0.23776187946148122
0.23010599978979385
0.22262949963269155
0.21530927090369215
0.2081257849682545
0.20106278004696654
0.19410698327706072
0.18724786005053
0.18047738432241367
0.1737898246135109
0.16718154140782468
0.1606507925575694
0.1541975441500421
0.14782328505490952
0.141530844052675
0.1353242090420736
0.1292083483341378
0.12318903446342587
0.11727267128371538
0.1114661253689084
0.10577656291400828
0.10021129343092373
0.09477762156570288
0.0894827083346588
0.08433344299443163
0.07933632663349473
0.07449736840847192
0.06982199515634403
0.06531497490165789
0.06098035455428935
0.056821411865753006
0.05284062148757242
0.04903963476006265
0.045419272659493054
0.041979531150586134
0.03871959803324152
0.03563788023997505
0.03273204043557009
0.02999904169369499
0.02743519897677694
0.025036236124510107
0.022797347061577444
0.020713259964539123
0.018778303178914203
0.0169864717474867
0.01533149349676951
0.013806893727166654
0.012406057660514164
0.011122289913169443
0.009948870380650897
0.008879106038186499
0.007906378277841214
0.007024185514893607
0.006226180901903745
0.005506205086831063
0.004858314040416792
0.0042768020569171755
0.0037562201006048615
0.0032913897279864884
0.002877412862431656
0.0025096777341412947
0.002183861324584983
0.0018959286713525622
0.0016421293975925758
0.0014189918307339023
0.001223315068962875
0.0010521593419440256
0.0009028349955174433
0.000772890409549164
0.0006600991346804982
0.000562446508280605
0.0004781159832493051
0.0004054753761516782
0.0003430632141136502
0.0002895753334982409
0.0002438518580523033
0.00020486466031421723
0.00017170538786868094
0.00014357411571333403
0.00011976866768081798
9.967463359357082e-05
8.275609461766474e-05
6.854705708218454e-05
5.664358475934079e-05
4.669661114765825e-05
3.8405406533201074e-05
3.151166937477056e-05
2.5794207712331422e-05
2.1064173673950987e-05
1.7160812596592728e-05
1.3947687626153968e-05
1.1309340775365694e-05
9.148352157589742e-06
7.382760354166749e-06
5.9438084989458375e-06
4.773982574744797e-06
3.825310524114999e-06
3.0578930047169795e-06
2.4386389034376145e-06
1.9401810097884904e-06
1.5399494950082634e-06
1.2193830147569912e-06
9.63259324652228e-07
7.591292506477426e-07
5.96839678059716e-07
4.6813290677305643e-07
3.6631126300570125e-07
2.859572606508008e-07
2.2270087109454427e-07
1.7302659505530624e-07
1.341140404725018e-07
1.037066048985269e-07
8.000364795567637e-08
6.157222825044911e-08
4.7275078757436975e-08
3.621201397647352e-08
