0 284.531
10 284.437
20 284.344
30 283.998
40 283.700
50 283.603
60 283.520
70 283.445
80 283.374
90 283.303
100 283.226
110 283.145
120 283.060
130 282.973
140 282.885
150 282.798
160 282.713
170 282.632
180 282.556
190 282.487
200 282.425
210 282.373
220 282.252
230 282.108
240 281.994
250 281.901
260 281.807
270 281.712
280 281.615
290 281.573
300 281.576
310 281.563
320 281.536
330 281.495
340 281.441
350 281.376
360 281.204
370 280.971
380 280.900
390 280.828
400 280.756
410 280.687
420 280.639
430 280.544
440 280.457
450 280.341
460 280.153
470 280.036
480 279.939
490 279.839
500 279.735
510 279.717
520 279.747
530 279.744
540 279.662
550 279.579
560 279.699
570 279.749
580 279.685
590 279.621
600 279.546
610 279.453
620 279.360
630 279.268
640 279.176
650 279.214
660 279.143
670 279.072
680 279.002
690 278.931
700 278.861
710 278.791
720 278.722
730 278.652
740 278.583
750 278.514
760 278.446
770 278.487
780 278.391
790 278.282
800 278.271
810 278.199
820 278.200
830 278.196
840 278.127
850 278.035
860 277.943
870 277.849
880 277.756
890 277.661
900 277.567
910 277.472
920 277.393
930 277.337
940 277.284
950 277.344
960 277.250
970 277.154
980 277.115
990 277.086
1000 277.070
1010 277.043
1020 277.031
1030 276.954
1040 276.857
1050 276.824
1060 276.912
1070 276.872
1080 276.794
1090 276.718
1100 276.642
1110 276.568
1120 276.495
1130 276.423
1140 276.566
1150 276.503
1160 276.430
1170 276.357
1180 276.291
1190 276.335
1200 276.247
1210 276.156
1220 276.064
1230 275.970
1240 275.875
1250 275.975
1260 276.161
1270 276.083
1280 276.005
1290 275.926
1300 275.848
1310 275.768
1320 275.689
1330 275.609
1340 275.529
1350 275.449
1360 275.369
1370 275.288
1380 275.207
1390 275.126
1400 275.045
1410 274.964
1420 275.087
1430 275.280
1440 275.478
1450 275.678
1460 275.877
1470 276.072
1480 276.259
1490 276.436
1500 276.600
1510 276.614
1520 276.516
1530 276.417
1540 276.319
1550 276.222
1560 276.125
1570 276.028
1580 275.931
1590 275.835
1600 275.812
1610 275.845
1620 275.877
1630 275.907
1640 275.935
1650 275.962
1660 275.986
1670 276.009
1680 276.030
1690 276.050
1700 276.016
1710 275.936
1720 275.861
1730 275.792
1740 275.729
1750 275.675
1760 275.629
1770 275.593
1780 275.568
1790 275.554
1800 275.554
1810 275.567
1820 275.595
1830 275.635
1840 275.688
1850 275.641
1860 275.569
1870 275.496
1880 275.422
1890 275.347
1900 275.272
1910 275.195
1920 275.119
1930 275.041
1940 274.963
1950 274.885
1960 274.805
1970 274.726
1980 274.646
1990 274.565
2000 274.484
2010 274.402
2020 274.320
2030 274.238
2040 274.155
2050 274.072
2060 273.989
2070 273.905
2080 273.821
2090 273.737
2100 273.653
2110 273.569
2120 273.534
2130 273.545
2140 273.551
2150 273.553
2160 273.549
2170 273.540
2180 273.525
2190 273.502
2200 273.473
2210 273.436
2220 273.392
2230 273.344
2240 273.295
2250 273.248
2260 273.205
2270 273.168
2280 273.137
2290 273.111
2300 273.088
2310 273.068
2320 273.051
2330 273.034
2340 273.017
2350 273.000
2360 272.932
2370 272.863
2380 272.799
2390 272.741
2400 272.688
2410 272.642
2420 272.604
2430 272.574
2440 272.554
2450 272.542
2460 272.537
2470 272.540
2480 272.550
2490 272.566
2500 272.587
2510 272.573
2520 272.536
2530 272.498
2540 272.459
2550 272.419
2560 272.377
2570 272.307
2580 272.238
2590 272.170
2600 272.102
2610 272.034
2620 271.967
2630 271.901
2640 271.836
2650 271.771
2660 271.707
2670 271.644
2680 271.582
2690 271.520
2700 271.460
2710 271.401
2720 271.343
2730 271.285
2740 271.229
2750 271.174
2760 271.121
2770 271.068
2780 271.017
2790 270.967
2800 270.918
2810 270.871
2820 270.826
2830 270.781
2840 270.715
2850 270.641
2860 270.567
2870 270.492
2880 270.416
2890 270.339
2900 270.262
2910 270.184
2920 270.106
2930 270.027
2940 269.947
2950 269.867
2960 269.786
2970 269.705
2980 269.624
2990 269.542
3000 269.460
3010 269.377
3020 269.294
3030 269.211
3040 269.127
3050 269.043
3060 268.959
3070 268.897
3080 268.843
3090 268.786
3100 268.726
3110 268.662
3120 268.594
3130 268.522
3140 268.445
3150 268.364
3160 268.279
3170 268.190
3180 268.098
3190 268.003
3200 267.905
3210 267.806
3220 267.704
3230 267.602
3240 267.498
3250 267.394
3260 267.289
3270 267.185
3280 267.103
3290 267.043
3300 266.984
3310 266.924
3320 266.864
3330 266.804
3340 266.743
3350 266.682
3360 266.621
3370 266.559
3380 266.497
3390 266.434
3400 266.370
3410 266.306
3420 266.241
3430 266.174
3440 266.107
3450 266.039
3460 265.971
3470 265.901
3480 265.830
3490 265.758
3500 265.685
3510 265.612
3520 265.537
3530 265.462
3540 265.385
3550 265.307
3560 265.248
3570 265.205
3580 265.161
3590 265.115
3600 265.068
3610 265.020
3620 264.971
3630 264.921
3640 264.869
3650 264.816
3660 264.761
3670 264.706
3680 264.649
3690 264.591
3700 264.547
3710 264.503
3720 264.459
3730 264.414
3740 264.368
3750 264.313
3760 264.214
3770 264.116
3780 264.042
3790 264.013
3800 263.982
3810 263.946
3820 263.906
3830 263.860
3840 263.808
3850 263.751
3860 263.689
3870 263.622
3880 263.551
3890 263.475
3900 263.395
3910 263.312
3920 263.225
3930 263.134
3940 263.040
3950 262.943
3960 262.844
3970 262.742
3980 262.639
3990 262.533
4000 262.425
4010 262.316
4020 262.238
4030 262.163
4040 262.088
4050 262.014
4060 261.940
4070 261.867
4080 261.859
4090 261.847
4100 261.765
4110 261.683
4120 261.602
4130 261.521
4140 261.440
4150 261.360
4160 261.280
4170 261.200
4180 261.121
4190 261.042
4200 260.946
4210 260.847
4220 260.747
4230 260.647
4240 260.546
4250 260.445
4260 260.343
4270 260.241
4280 260.139
4290 260.036
4300 259.933
4310 259.829
4320 259.725
4330 259.621
4340 259.517
4350 259.412
4360 259.325
4370 259.255
4380 259.185
4390 259.115
4400 259.045
4410 258.975
4420 258.905
4430 258.836
4440 258.766
4450 258.697
4460 258.628
4470 258.558
4480 258.489
4490 258.438
4500 258.474
4510 258.525
4520 258.578
4530 258.627
4540 258.578
4550 258.518
4560 258.458
4570 258.399
4580 258.340
4590 258.282
4600 258.224
4610 258.167
4620 258.110
4630 258.053
4640 257.997
4650 257.941
4660 257.885
4670 257.830
4680 257.774
4690 257.719
4700 257.664
4710 257.609
4720 257.522
4730 257.422
4740 257.322
4750 257.224
4760 257.126
4770 257.030
4780 256.934
4790 256.839
4800 256.745
4810 256.652
4820 256.559
4830 256.505
4840 256.487
4850 256.471
4860 256.455
4870 256.440
4880 256.425
4890 256.410
4900 256.394
4910 256.376
4920 256.356
4930 256.334
4940 256.305
4950 256.244
4960 256.152
4970 256.044
4980 255.937
4990 255.829
5000 255.722
